      2 ?
      2 003361285
      2 003361337
      2 003361373
      2 003361388
      2 003361636
      2 003361733
      2 003361767
      2 003361771
      2 003362295
      2 003362369
      2 003362638
      2 003362662
      2 003362726
      2 003363039
      2 003363076
      2 003363158
      2 003363322
      2 003363396
      2 003363767
      2 003363884
      2 003364044
      2 003364217
      2 003364280
      2 003364576
      2 003364584
      2 003364595
      2 003365390
      2 01.1
      2 02.11.1
      2 06.2
      2 07.7
      2 1000
      2 10005
      2 10038
      2 1007
      2 1008
      2 1009
      2 1010
      2 10107
      2 1012
      2 1019
      2 1022
      2 10352
      2 1036
      2 10.36
      2 1040
      2 1046
      2 1047
      2 1049
      2 105.2002
      2 1053
      2 1054
      2 10553
      2 1059
      2 1061
      2 1062
      2 1064
      2 1065
      2 1068
      2 1079
      2 10818
      2 1083
      2 1087
      2 1099
      2 110
      2 1103
      2 1104
      2 1107
      2 11075-11090
      2 1108
      2 1111
      2 1114
      2 1115
      2 1125
      2 1127
      2 113
      2 1140
      2 1143
      2 11513
      2 1153
      2 1160
      2 1161
      2 1162
      2 1163
      2 1164
      2 1165
      2 1168
      2 1169
      2 11.69
      2 1171
      2 1173
      2 1174
      2 1175
      2 1176
      2 1178
      2 1181
      2 1182
      2 1183
      2 1184
      2 1185
      2 1186
      2 1187
      2 1188
      2 1189
      2 1190
      2 1194
      2 1195
      2 1196
      2 1201
      2 1.2014
      2 120.1984
      2 120.1999
      2 1205
      2 1206
      2 1208
      2 1209
      2 1211
      2 1213
      2 1214
      2 1217
      2 1222
      2 1223
      2 1225
      2 1227
      2 1229
      2 1230
      2 1231
      2 123.2000
      2 1235
      2 1237
      2 124
      2 1240
      2 1242
      2 1243
      2 1244
      2 1245
      2 1247
      2 1248
      2 1252
      2 1258
      2 1261
      2 1263
      2 1268
      2 1270
      2 1272
      2 1273
      2 1278
      2 1279
      2 1280
      2 128.1974
      2 1282
      2 1284
      2 1285
      2 1286
      2 1287
      2 1288
      2 1289
      2 1290
      2 1291
      2 1292
      2 1293
      2 1294
      2 1295
      2 1296
      2 1297
      2 1298
      2 1299
      2 1300
      2 1301
      2 130.1991
      2 1303
      2 1304
      2 1305
      2 131
      2 1311
      2 1315
      2 1318
      2 132
      2 1321
      2 1322
      2 1325
      2 1326
      2 1327
      2 1328
      2 1329
      2 1330
      2 1331
      2 1333
      2 1334
      2 1339
      2 1340
      2 1342
      2 1343
      2 1345
      2 1347
      2 1351
      2 1352
      2 1354
      2 1356
      2 1357
      2 136
      2 1360
      2 1362
      2 1363
      2 1364
      2 1365
      2 13.66
      2 1368
      2 1370
      2 1371
      2 1373
      2 1374
      2 1375
      2 1377
      2 1379
      2 1382
      2 1386
      2 1387
      2 1392
      2 1393
      2 1395
      2 1398
      2 1400
      2 1402
      2 1408
      2 1409
      2 141
      2 1410
      2 1411
      2 1412
      2 1413
      2 1414
      2 1415
      2 1416
      2 1422
      2 1423
      2 1424
      2 1427
      2 1429
      2 1432
      2 1434
      2 1435
      2 1436
      2 1439
      2 1441
      2 1443
      2 1444
      2 1445
      2 1447
      2 1448
      2 1450
      2 1455
      2 1456
      2 1457
      2 1458
      2 1459
      2 1463
      2 1465
      2 1467
      2 1469
      2 1471
      2 1472
      2 1473
      2 1474
      2 1475
      2 1478
      2 1479
      2 1480
      2 1484
      2 1485
      2 1492
      2 1496
      2 1497
      2 1498
      2 1501
      2 1505
      2 1506
      2 15062
      2 1508
      2 1509
      2 1513
      2 1518
      2 1520
      2 1521
      2 1524
      2 1527
      2 1529
      2 1531
      2 1535
      2 1536
      2 1538
      2 1542
      2 1543
      2 1546
      2 1547
      2 1549
      2 1551
      2 155.1986
      2 1552
      2 1554
      2 1555
      2 1559
      2 157
      2 1572
      2 1573
      2 1576
      2 1577
      2 1583
      2 1586
      2 1588
      2 1589
      2 1592
      2 1593
      2 1594
      2 1595
      2 1596
      2 1607
      2 1608
      2 16.1
      2 1610
      2 1611
      2 1612
      2 1613
      2 1617
      2 1621
      2 1622
      2 1626
      2 1627
      2 1628
      2 1630
      2 1631
      2 1632
      2 1633
      2 1640
      2 1642
      2 1643
      2 1648
      2 1649
      2 1651
      2 1656
      2 1657
      2 1658
      2 16.65
      2 1671
      2 1673
      2 1674
      2 1677
      2 1680
      2 1681
      2 1682
      2 1685
      2 1687
      2 1688
      2 1689
      2 1690
      2 1691
      2 1692
      2 1693
      2 1700
      2 1702
      2 1703
      2 1704
      2 1705
      2 1715
      2 1716
      2 1717
      2 1719
      2 172
      2 1720
      2 1721
      2 1732
      2 17.36
      2 1753
      2 17564
      2 176
      2 1771
      2 1775
      2 178
      2 1798
      2 18
      2 1813
      2 1820
      2 1837
      2 1845
      2 1846
      2 1851
      2 1856
      2 1857
      2 187
      2 1873
      2 1875
      2 1879
      2 1879.1
      2 1879.2
      2 1882.3
      2 1891.1
      2 1898.6
      2 1899.1.26
      2 190
      2 1907.1
      2 1911.5
      2 1912.1
      2 19.17
      2 1917.3
      2 192
      2 1920
      2 1921.1
      2 1922.3
      2 1922.5.2
      2 1923
      2 1923.8.1
      2 1923.8.2
      2 1923.8.4
      2 1923.8.6
      2 1924.1
      2 1925
      2 1925.1
      2 1926.2
      2 1927.4
      2 1928
      2 1929.1
      2 1929.2
      2 1929.4
      2 1929.6
      2 1929.7
      2 1929.8
      2 193
      2 1930
      2 1931
      2 1933
      2 1933.428
      2 1935.4
      2 1935.5
      2 1936
      2 1936.1
      2 1936.12
      2 1936.2
      2 1936.4
      2 1936.7
      2 1936.9
      2 1937.5
      2 1937.7
      2 1937.9
      2 1939.1.143
      2 1939.19
      2 1940
      2 1940.4
      2 1940.5
      2 1940.52
      2 1940.6
      2 1940.9
      2 1941.11
      2 1941.2
      2 1941.4
      2 1941.5
      2 1941.6.1
      2 1941.7
      2 1941.8
      2 1941.9
      2 1941.9.1
      2 1942
      2 1942.11
      2 1942.2
      2 1942.30
      2 1942.35
      2 1942.4
      2 1942.4.2
      2 1942.6
      2 1942.7
      2 1942.8
      2 1943
      2 1943.1
      2 1943.11.1
      2 1943.11.2
      2 1943.11.5
      2 1943.11.6
      2 1943.146
      2 1943.4
      2 1943.5
      2 1943.6
      2 1944.1
      2 1944.1.1
      2 1944.11.1
      2 1944.11.2
      2 1944.15.1
      2 1944.30
      2 1944.4.1
      2 1944.8
      2 1944.9
      2 1945
      2 1945.1
      2 1945.10.1
      2 1945.15.1
      2 1945.15.2
      2 1945.15.3
      2 1945.15.4
      2 1945.22
      2 1945.3
      2 1945.8
      2 1946
      2 1946.1.1
      2 1946.2
      2 1947
      2 1947.11.1
      2 1947.13
      2 1947.58
      2 1948
      2 1948.12
      2 1948.13
      2 1948.14
      2 1948.15
      2 1948.6
      2 1948.7
      2 1949.2.1
      2 1949.5
      2 195
      2 1950.1
      2 1950.11
      2 1950.12
      2 1950-13-1
      2 1950.9
      2 1951.13
      2 1951.24
      2 1951.25
      2 1951.29
      2 1951.40
      2 1951.5.1
      2 1951.9
      2 1952.10
      2 1952.12.1
      2 1952.3.1
      2 1952.3.3
      2 1952.5
      2 1952.5.3
      2 1952.6.1
      2 1952.7
      2 1952.8
      2 1952.9.2
      2 1953.10.1
      2 1953.11.1
      2 1953.13
      2 1953.14
      2 1953.15
      2 1953.3.4
      2 1953.4
      2 1953.6
      2 1953.7.1
      2 1953.9.1
      2 1953.9.2
      2 1954.002
      2 1954.1
      2 1954.10.1
      2 1954.13.1
      2 1954.15
      2 1954.2.1
      2 1954.5
      2 1954.6.1
      2 1954.7.1
      2 1955
      2 1955.10.2
      2 1955.11.3
      2 1955.11.4
      2 1955.11.5
      2 1955.11.6
      2 1955.11.7
      2 1955.11.8
      2 1955.9
      2 1956.10.1
      2 1956.1.1
      2 1956.11.1
      2 1956.11.3
      2 1956.16
      2 1956.17
      2 1956.18
      2 1956.3.2
      2 1956.7.1
      2 1957.11.1
      2 1957.11.3
      2 1957.11.4
      2 1957.14
      2 1957.163
      2 1957.3.1
      2 1957.3.2
      2 1958.117
      2 1958.12
      2 1958.12.1
      2 1958.14
      2 1958.5.1
      2 1958.9
      2 1958.9.1
      2 1959
      2 1959.10.1
      2 1959.10.2
      2 1959.10.3
      2 1959.10.4
      2 1959.11.10
      2 1959.11.11
      2 1959.11.12
      2 1959.11.4
      2 1959.11.5
      2 1959.11.6
      2 1959.11.7
      2 1959.11.8
      2 1959.11.9
      2 1959.3.2
      2 1959.3.3
      2 1959.9
      2 1959.9.2
      2 1960
      2 1960.1
      2 1960.13
      2 1960.21
      2 1960.4.1
      2 1960.6.1
      2 1960.7
      2 1961.10
      2 1961.12
      2 1961.120
      2 1961.16
      2 1961.2.1
      2 1961.29
      2 1961.37
      2 1961.39
      2 1961.5.2
      2 1961.9.1
      2 1961.9.2
      2 1961.9.3
      2 1962
      2 1962.10
      2 1962.11
      2 1962.146
      2 1962.18
      2 1962.21
      2 1962.4.1
      2 1962.5.1
      2 1962.5.2
      2 1962.6
      2 1962.6.1
      2 1962.8
      2 1962.8.1
      2 1963
      2 1963.1.2
      2 1963.17
      2 1963.4.1
      2 1963.5.1
      2 1963.6
      2 1963.9.2
      2 1964
      2 1964.1
      2 1964.13.1
      2 1964.1.5
      2 1964.1.6
      2 1964.19.1
      2 1964.19.2
      2 1964.19.3
      2 1964.19.4
      2 1964.19.5
      2 1964.19.6
      2 1964.21.1
      2 1964.22.1
      2 1964.24.1
      2 1964.24.2
      2 1964.72
      2 1965
      2 1965.10
      2 1965.14.1
      2 1965.27
      2 1965.28
      2 1965.32
      2 1965.35
      2 1965.6
      2 1965.8.1
      2 1966
      2 1966.1
      2 1966.10.1
      2 1966.11.1
      2 1966.11.2
      2 1966.3
      2 1966.5
      2 1966.52
      2 1967.1
      2 1967.19
      2 1967.3
      2 1967.3.1
      2 1967.7.1
      2 1968
      2 1968.1
      2 1968.19
      2 1968.2
      2 1968.20
      2 1968.21
      2 1968.26.1
      2 1968.3
      2 1968.4
      2 1968.43
      2 1968.6
      2 1968.60
      2 1968.96
      2 1969.1
      2 1969.2
      2 1969.20.1
      2 1969.33
      2 1969.37
      2 1969.68
      2 1969-U-2-a
      2 197
      2 1970
      2 1970.1
      2 1970.2.1
      2 1970.285
      2 1970.292
      2 1970.295
      2 1970.296
      2 1970.323
      2 1970.35.1
      2 1970.47
      2 1970.55
      2 1970.67
      2 1970.79
      2 1971
      2 1971.13.1
      2 1971.13.2
      2 1971.155
      2 1971.278
      2 1971.3
      2 1971.30
      2 1971.4
      2 1971.452
      2 1971.5
      2 1971.80
      2 1972.128
      2 1972.13
      2 1972.2
      2 1972.26
      2 1972.31
      2 1972.43
      2 1972.47
      2 1972.80
      2 1972.8.1
      2 1972.83
      2 1973
      2 1973.10
      2 1973.13
      2 1973.213
      2 1973.37
      2 1973.4
      2 1973.69.1
      2 1973.7.1
      2 1974.100
      2 1974.13
      2 1974.13.1
      2 1974.14
      2 1974.2
      2 1974.21
      2 1974.22
      2 1974.25
      2 1974.26
      2 1974.33
      2 1974.392
      2 1974.4
      2 1974.75
      2 1975.1.2490
      2 1975.65
      2 1975.666
      2 1975.8
      2 1975.87
      2 1975.88
      2 1976.1
      2 1976.133
      2 1976.154
      2 1976.31
      2 1976.47
      2 1976.6
      2 1976.66
      2 1977
      2 1977.1
      2 1977.1.2
      2 1977.1.3
      2 1977.133.1
      2 1977.16
      2 1977.21
      2 1977.23
      2 1977.3
      2 1977.34
      2 1977.37
      2 1977.4
      2 1977.40
      2 1977.5
      2 1977.8
      2 1977.89
      2 1978
      2 1978.123
      2 1978.130
      2 1978.154
      2 1978.156
      2 1978.157
      2 1978.169
      2 1978.40.1
      2 1978.402
      2 1978.403
      2 1978.41.1
      2 1978.42
      2 1978.5
      2 1978.56
      2 1978.6
      2 1978.68
      2 1978.9
      2 1979.1
      2 1979.11
      2 1979.13.1
      2 1979.13.2
      2 1979.14
      2 1979.16
      2 1979.3
      2 1979.304
      2 1979.306
      2 1979.35
      2 1979.353
      2 1979.356
      2 1979.395
      2 1979.4
      2 1979.4.1
      2 1979.4.2
      2 1979.48
      2 1979.488
      2 1979.55
      2 1979.555
      2 1979.57
      2 1979.6
      2 1979.7.2
      2 1979.82
      2 1979.9
      2 1979.97
      2 1980.10
      2 1980.114
      2 1980.17
      2 1980.2
      2 1980.208
      2 1980.209
      2 1980.224
      2 1980.25
      2 1980.261
      2 1980.274
      2 1980.283
      2 1980.289
      2 1980.29.1
      2 1980.350
      2 1980.411
      2 1980.48
      2 1980.5.2
      2 1980.6.1
      2 1980.84
      2 1981
      2 1981.105
      2 1981.106
      2 1981.112
      2 1981.148
      2 1981.149
      2 1981.177
      2 1981.186
      2 1981.20
      2 1981.25
      2 1981.256
      2 1981.258
      2 1981.262
      2 1981.27
      2 1981.270
      2 1981.317
      2 1981.345
      2 1981.35
      2 1981.40
      2 1981.509
      2 1981.66
      2 1981.76
      2 1981.77
      2 1981.84
      2 1981.88
      2 1981.9
      2 1981.90
      2 1982
      2 1982.10
      2 1982.125
      2 1982.139
      2 1982.14
      2 1982.3
      2 1982.35.1
      2 1982.386
      2 1982.396
      2 1982.398
      2 1982.401
      2 1982.402
      2 1982.405
      2 1982.406
      2 1982.46
      2 1982.55.1
      2 1982.68
      2 1982.76
      2 1983
      2 1983.1
      2 1983.10
      2 1983.1.1
      2 1983.166
      2 1983.21
      2 1983.27
      2 1983.29
      2 1983.35
      2 1983.36
      2 1983.372
      2 1983.377
      2 1983.383
      2 1983.41
      2 1983.591
      2 1983.593
      2 1983.595
      2 1983.64
      2 1983.69
      2 1983.71
      2 1983.95.1
      2 1983.98
      2 1984
      2 1984.105.1
      2 1984.12
      2 1984.13
      2 1984.137
      2 1984.138
      2 1984.16
      2 1984.174
      2 1984.175
      2 1984.18
      2 1984.198
      2 1984.27
      2 1984.35
      2 1984.40
      2 1984.49
      2 1984.54
      2 1984.6
      2 1984.70
      2 1984.9
      2 1984.92
      2 1985.101
      2 1985.114
      2 1985.139
      2 1985.28
      2 1985.30.2
      2 1985.31
      2 1985.426
      2 1985.428
      2 1985.429
      2 1985.436
      2 1985.45
      2 1985.47
      2 1985.5
      2 1985.50
      2 1985.66
      2 1985.68
      2 1985.7
      2 1985.71
      2 1985.72
      2 1985.88
      2 1985.94
      2 1985.R.42
      2 1986
      2 1986.138
      2 1986.19
      2 1986.27
      2 1986.29
      2 1986.39
      2 1986.397
      2 1986.40
      2 1986.41
      2 1986.43
      2 1986.434
      2 1986.47
      2 1986.53
      2 1986.70.1
      2 1986.74
      2 1986.79
      2 1986.996
      2 1987
      2 1987.14
      2 1987.225
      2 1987.249
      2 1987.279
      2 1987.296
      2 1987.33
      2 1987.471
      2 1987.5
      2 1987.55
      2 1987.58
      2 1987.60
      2 1987.63
      2 1987.67
      2 1988
      2 1988.1
      2 1988.12
      2 1988.143
      2 1988.144
      2 1988.20.1
      2 1988.21
      2 1988.221
      2 1988.266
      2 1988.42
      2 1988.44
      2 1988.48
      2 1988.5
      2 1988.56
      2 1988.61
      2 1989
      2 1989.2
      2 1989.21
      2 1989.225
      2 1989.3
      2 1989.51.1
      2 1989.56
      2 1989.8
      2 1989.81
      2 1989.86
      2 1989.87
      2 1990
      2 1990.1
      2 1990.14
      2 1990.15
      2 1990.29
      2 1990.383
      2 1990.394
      2 1990.417
      2 1990.7
      2 1990.72
      2 1991.10
      2 1991.101
      2 1991.102
      2 1991.104
      2 1991.106
      2 1991.140.1
      2 1991.144.1
      2 1991.18.1
      2 1991.18.2
      2 1991.18.3
      2 1991.18.4
      2 1991.25
      2 1991.27.1
      2 1991.282
      2 1991.295
      2 1991.32
      2 1991.320
      2 1991.5
      2 1991.50
      2 1991.7
      2 1991.9
      2 1992
      2 1992.128
      2 1992.133
      2 1992.20
      2 1992.206
      2 1992.22
      2 1992.4
      2 1992.66.2
      2 1992.89
      2 1992.9.1
      2 1993
      2 1993.125
      2 1993.20
      2 1993.208
      2 1993.259
      2 1993.39
      2 1993.4
      2 1993.41
      2 1993.47
      2 1993.63
      2 1993.71
      2 1994
      2 1994.108
      2 1994.113
      2 1994.142
      2 1994.223
      2 1994.367
      2 1994.430
      2 1994.54
      2 1994.56
      2 1994.59
      2 1994.68
      2 1994.70
      2 1994.74
      2 1995.27
      2 1995.3.1
      2 1995.43
      2 1995.46
      2 1995.51
      2 1995.56
      2 1995.57
      2 1995.7
      2 1996
      2 1996.102
      2 1996.117
      2 1996.218
      2 1996.3
      2 1996.392
      2 1996.396
      2 1996.6
      2 1996.7
      2 1996.92
      2 1997
      2 1997.142
      2 1997.148
      2 1997.149.9
      2 1997.150
      2 1997.151
      2 1997.157
      2 1997.159
      2 1997.164
      2 1997.167
      2 1997.173
      2 1997.176
      2 1997.323
      2 1997.336
      2 1997.424
      2 1997.60.1
      2 1997.79.1
      2 1998.128
      2 1998.188
      2 1998.40
      2 1998.5
      2 1998.51
      2 1998.6
      2 1998.78
      2 1998.96
      2 1999.11
      2 1999.14
      2 1999.140
      2 1999.143
      2 1999.19
      2 1999.225
      2 1999.243
      2 1999.373
      2 1999.46
      2 1999.48
      2 1999.72
      2 1999.8
      2 2000
      2 2000.1
      2 2000.134
      2 2000.135
      2 2000.173
      2 2000.184
      2 2000.2
      2 2000.24
      2 2000.35
      2 2000.50
      2 2000.51
      2 2000.70
      2 2000.8
      2 2000.84
      2 2000.91.1
      2 2001
      2 2001.12
      2 2001.179
      2 2001.202.3
      2 2001.222
      2 2001.333
      2 2001.376
      2 2001.4
      2 2001.42
      2 2001.43
      2 2001.590
      2 2001.6
      2 2001.600
      2 2001.684
      2 2001.8
      2 2001.85
      2 2001.868
      2 2001.95
      2 2001.97.1
      2 200.1992
      2 2002
      2 2002.1
      2 2002.104
      2 2002.105
      2 2002.126
      2 2002.13
      2 2002.139
      2 2002.176
      2 2002.20
      2 2002.25
      2 2002.259
      2 2002.285
      2 2002.29
      2 2002.35
      2 2002.365
      2 2002.378
      2 2002.38
      2 2002.5
      2 2002.76
      2 2002.9.1
      2 2002.9.2
      2 2003.10
      2 2003.14
      2 2003.140.1
      2 2003.16
      2 2003.20.1
      2 2003.26
      2 2003.28
      2 2003.29.1
      2 2003.292
      2 2003.294
      2 2003.295
      2 2003.298
      2 2003.302
      2 2003.36
      2 2003.38
      2 2003.40
      2 2003.42.1
      2 2003.46
      2 2003.6
      2 2003.70
      2 2003.71
      2 2003.73
      2 2003.95
      2 2004
      2 2004.145
      2 2004.146
      2 2004.153
      2 2004.16
      2 2004.165
      2 2004.2
      2 2004.211
      2 2004.222
      2 2004.23
      2 2004.29
      2 2004.3
      2 2004.30.1
      2 2004.30.3
      2 2004.30.6
      2 2004.30.7
      2 2004.5
      2 2004.63
      2 2004.8
      2 2005
      2 2005.023.001
      2 2005.103
      2 2005.14
      2 2005.159
      2 2005.164
      2 2005.18
      2 2005.26.1
      2 2005.5
      2 2006
      2 2006.10.1
      2 2006.10.2
      2 2006.123
      2 2006.14
      2 2006.20.1
      2 2006.258
      2 2006.26
      2 2006.27
      2 2006.29
      2 2006.32.1
      2 2006.33
      2 2006.34
      2 2006.4
      2 2006.5
      2 2006.54
      2 2006.58
      2 2006.7
      2 2006.72.1
      2 2007
      2 2007.1
      2 2007.10
      2 2007.106
      2 2007.36
      2 2007.360
      2 2007.42
      2 2007.44
      2 2007.45
      2 2007.46
      2 2007.47
      2 2007.5
      2 2007.63
      2 2007.69
      2 2007.70
      2 2007.91
      2 2008
      2 2008.101
      2 2008.14
      2 2008.19
      2 2008.24
      2 2008.244
      2 2008.260
      2 2008.29
      2 2008.9
      2 2009.1
      2 2009.13
      2 2009.14
      2 2009.14.1
      2 2009.146
      2 2009.182
      2 2009.19
      2 2009.27
      2 2009.62
      2 2009.63
      2 2009.64
      2 2010
      2 2010.108
      2 2010.11
      2 2010.14
      2 2010.16
      2 2010.19.1
      2 2010.2
      2 2010.3
      2 2010.31
      2 2010.37
      2 2010.546
      2 2010.547
      2 2010.68
      2 2010.71
      2 2011
      2 2011.1
      2 2011.10.1
      2 2011.10.2
      2 2011.11
      2 2011.1.1
      2 2011.118
      2 2011.20.1
      2 2011.26
      2 2011.5
      2 2011.503
      2 2011.65
      2 2011.7
      2 2011.8
      2 201.1992
      2 2012.11
      2 2012.113
      2 2012.1.16
      2 2012.15
      2 2012.20
      2 2012.20.1
      2 2012.21
      2 2012.57
      2 2012.73.1
      2 2012.73.2
      2 2012.84.1
      2 2013.1.1
      2 2013.20
      2 2013.38.1
      2 2013.4
      2 2013.55
      2 2013.56
      2 2013.610
      2 2014
      2 2014.10
      2 2014.11
      2 2014.15
      2 2014.18.1
      2 2014.18.2
      2 2014.20
      2 2014.250
      2 2014.29
      2 2014.44
      2 2014.62
      2 2014.65
      2 2014.66
      2 2014.68
      2 2014.7
      2 2016
      2 2017
      2 2018
      2 2019
      2 202
      2 2020
      2 203
      2 2033
      2 2047
      2 2053
      2 2054
      2 2056
      2 2057
      2 2058
      2 2062
      2 2064
      2 2070
      2 2071
      2 207.1992
      2 207.2008
      2 2073
      2 2074
      2 2075
      2 2077
      2 2078
      2 2080
      2 208.2008
      2 2083
      2 2084
      2 2085
      2 2089
      2 2090
      2 2091
      2 2092
      2 2093
      2 2095
      2 2096
      2 2097
      2 2099
      2 2102
      2 2104
      2 2107
      2 2108
      2 2109
      2 2110
      2 2111
      2 2112
      2 2113
      2 21.137
      2 21.147
      2 2115
      2 215
      2 2151
      2 215.2000
      2 2157
      2 216
      2 2165
      2 2166
      2 2168
      2 2169
      2 2170
      2 2171
      2 2172
      2 217.2000
      2 2175
      2 2176
      2 2179
      2 218
      2 218.2000
      2 219
      2 2194
      2 2195
      2 2196
      2 220
      2 220.2011
      2 221
      2 222
      2 223
      2 2231
      2 2233
      2 2236
      2 2237
      2 224
      2 2245
      2 2247
      2 2248
      2 2249
      2 22.54
      2 2257
      2 2266
      2 2268
      2 2269
      2 227
      2 2270
      2 2271
      2 2272
      2 2278
      2 2283
      2 2287
      2 2288
      2 2291
      2 2292
      2 2300
      2 2301
      2 231.2000
      2 233.2000
      2 2342
      2 234.2000
      2 2346
      2 2357
      2 236.2000
      2 2365
      2 237.2000
      2 2379
      2 238.2000
      2 2385
      2 2387
      2 2392
      2 239.2000
      2 239.2005
      2 2399
      2 240.2000
      2 24.1
      2 2411
      2 24.24
      2 2442
      2 2451
      2 24.60
      2 2477
      2 2490
      2 2501
      2 2502
      2 25.108
      2 2537
      2 2538
      2 2539
      2 2564
      2 2565
      2 2573
      2 2576
      2 2577
      2 2589
      2 25.95
      2 2597
      2 2598
      2 25.98
      2 2600
      2 2604
      2 2622
      2 2627
      2 264
      2 2645
      2 265
      2 267.2002
      2 2673
      2 2692
      2 270
      2 2702
      2 2716
      2 2717
      2 2719
      2 27.219
      2 27.220
      2 272.2002
      2 27.221
      2 2736
      2 27.389
      2 274
      2 27.61
      2 2770
      2 278
      2 2788
      2 2789
      2 279
      2 2791
      2 2792
      2 2793
      2 2795
      2 2796
      2 2798
      2 280
      2 2800
      2 2801
      2 2802
      2 2803
      2 2806
      2 2808
      2 2809
      2 281
      2 2810
      2 2812
      2 2813
      2 2814
      2 2815
      2 2816
      2 2817
      2 2818
      2 282
      2 2821
      2 2822
      2 2823
      2 2828
      2 2829
      2 2830
      2 2831
      2 2832
      2 2833
      2 2834
      2 2835
      2 2836
      2 2838
      2 2839
      2 284
      2 2840
      2 2842
      2 2843
      2 2844
      2 2845
      2 2846
      2 2847
      2 2848
      2 2849
      2 2850
      2 2851
      2 2869
      2 2870
      2 2871
      2 2872
      2 2873
      2 2874
      2 2875
      2 2876
      2 2877
      2 2878
      2 2879
      2 28.79
      2 288
      2 2880
      2 2881
      2 28.85
      2 289
      2 2890
      2 2891
      2 2893
      2 2895
      2 290
      2 2900
      2 291
      2 2914
      2 2915
      2 2916
      2 2917
      2 2918
      2 2919
      2 2923
      2 2924
      2 2925
      2 2929
      2 2930
      2 2931
      2 2932
      2 2933
      2 2934
      2 2937
      2 2938
      2 2939
      2 294
      2 2940
      2 2944
      2 2945
      2 2946
      2 2948
      2 296
      2 2961
      2 2964
      2 2967
      2 2968
      2 2970
      2 2971
      2 2972
      2 2973
      2 2976
      2 2977
      2 2978
      2 298
      2 2980
      2 2982
      2 2985
      2 2987
      2 2988
      2 2990
      2 2993
      2 2996
      2 300
      2 3009
      2 301.1996
      2 3018
      2 3019
      2 302
      2 3020
      2 3021
      2 3022
      2 3024
      2 3025
      2 3026
      2 3027
      2 3029
      2 303
      2 3030
      2 3031
      2 3035
      2 3037
      2 3039
      2 304
      2 3040
      2 305
      2 3052
      2 3053
      2 3054
      2 3055
      2 3056
      2 3060
      2 3061
      2 3064
      2 3065
      2 3066
      2 3069
      2 3070
      2 3072
      2 3073
      2 3076
      2 3077
      2 308
      2 3082
      2 3085
      2 3086
      2 3089
      2 3090
      2 3091
      2 3094
      2 3095
      2 3096
      2 3098
      2 3100
      2 3101
      2 3103
      2 3104
      2 3105
      2 3106
      2 3107
      2 3109
      2 3114
      2 3116
      2 3117
      2 3118
      2 3119
      2 312
      2 3120
      2 3123
      2 3124
      2 3125
      2 3126
      2 3127
      2 3128
      2 3131
      2 3133
      2 3136
      2 31.36
      2 3138
      2 3139
      2 314
      2 3141
      2 3148
      2 3149
      2 3150
      2 3151
      2 3153
      2 3155
      2 3156
      2 3157
      2 3158
      2 3159
      2 3160
      2 31.60
      2 3161
      2 3162
      2 3163
      2 3164
      2 3165
      2 3170
      2 3171
      2 3174
      2 3175
      2 3176
      2 3178
      2 318
      2 3180
      2 3182
      2 3183
      2 3185
      2 3186
      2 3188
      2 3189
      2 3190
      2 3191
      2 3192
      2 3193
      2 3194
      2 3195
      2 3196
      2 3198
      2 3199
      2 3201
      2 3.2014
      2 3204
      2 3205
      2 3206
      2 3208
      2 3213
      2 3214
      2 3215
      2 3216
      2 3217
      2 3218
      2 3220
      2 3221
      2 3222
      2 3223
      2 3224
      2 3226
      2 3227
      2 3228
      2 3229
      2 323
      2 3230
      2 3232
      2 3233
      2 32.36
      2 324
      2 3240
      2 3247
      2 3248
      2 325
      2 3253
      2 3254
      2 3255
      2 3258
      2 3259
      2 3261
      2 32.61
      2 3264
      2 3266
      2 3267
      2 3268
      2 3269
      2 327
      2 3270
      2 3272
      2 3273
      2 3274
      2 3275
      2 3276
      2 3277
      2 3278
      2 3280
      2 3281
      2 3282
      2 3283
      2 3285
      2 3286
      2 3287
      2 3288
      2 3289
      2 329
      2 3290
      2 3292
      2 3293
      2 3296
      2 3297
      2 3298
      2 3299
      2 330
      2 3300
      2 3301
      2 3302
      2 3303
      2 3304
      2 3307
      2 331
      2 3310
      2 3313
      2 33.14
      2 3315
      2 332
      2 3321
      2 333
      2 3338
      2 334
      2 3340
      2 3341
      2 3342
      2 3343
      2 3344
      2 3346
      2 3347
      2 3348
      2 3349
      2 335
      2 3350
      2 3351
      2 3352
      2 3356
      2 3357
      2 3358
      2 3359
      2 336
      2 3360
      2 3362
      2 3363
      2 3364
      2 3366
      2 3367
      2 3368
      2 3369
      2 337
      2 3370
      2 3371
      2 3372
      2 3373
      2 3374
      2 3375
      2 3376
      2 3377
      2 3378
      2 3379
      2 3380
      2 3381
      2 3382
      2 3383
      2 3384
      2 3385
      2 3386
      2 3387
      2 3388
      2 3389
      2 3390
      2 3391
      2 339.1985
      2 3392
      2 3393
      2 3394
      2 3396
      2 3397
      2 3398
      2 3399
      2 340
      2 3400
      2 3401
      2 3406
      2 3408
      2 341
      2 3410
      2 3413
      2 34.131
      2 34.134
      2 34.137
      2 34.138
      2 3414
      2 3416
      2 3417
      2 3418
      2 342
      2 3425
      2 3426
      2 343
      2 343.1985
      2 344.1985
      2 3444
      2 3445
      2 3446
      2 3448
      2 3449
      2 345
      2 3450
      2 3451
      2 3452
      2 3453
      2 3454
      2 3455
      2 3456
      2 3459
      2 346
      2 34.61
      2 346.1985
      2 3464
      2 3465
      2 3466
      2 3467
      2 3468
      2 3470
      2 3471
      2 3472
      2 3473
      2 3476
      2 3478
      2 3479
      2 3480
      2 3481
      2 3482
      2 3483
      2 3484
      2 3485
      2 3486
      2 349
      2 3492
      2 3493
      2 3496
      2 3500
      2 3501
      2 3502
      2 3503
      2 3504
      2 3505
      2 3506
      2 3507
      2 3508
      2 3509
      2 351
      2 3510
      2 3511
      2 3512
      2 3513
      2 3514
      2 3516
      2 3517
      2 3518
      2 3519
      2 3520
      2 3521
      2 3522
      2 3523
      2 3524
      2 3529
      2 3530
      2 3531
      2 3532
      2 3533
      2 3534
      2 3535
      2 3536
      2 3537
      2 3538
      2 354
      2 355.1997
      2 356.1997
      2 359.1997
      2 359.2012
      2 360
      2 361
      2 36.16
      2 362
      2 362.2006
      2 36.255
      2 3626
      2 3639
      2 364
      2 367
      2 368
      2 3680
      2 3700
      2 3701
      2 371
      2 37.108
      2 37.118
      2 371.1991
      2 37.120
      2 3714
      2 37.151
      2 37.152
      2 37.159
      2 37.160
      2 37.161
      2 37.162
      2 37.168
      2 372
      2 37.2010
      2 37.23
      2 37.254
      2 37.262
      2 37.27
      2 373
      2 37.328
      2 37.340
      2 37.348
      2 37.37
      2 37.39
      2 37.390
      2 37.391
      2 37.392
      2 374
      2 37.40
      2 37.409
      2 37.410
      2 37.44
      2 37.45
      2 37.46
      2 37.463
      2 37.48
      2 37.486
      2 37.488
      2 37.49
      2 37.509
      2 37.591
      2 37.596
      2 37.598
      2 37.6
      2 37.600
      2 37.61
      2 377
      2 37.71
      2 37.715
      2 37.73
      2 37.74
      2 37.76
      2 378
      2 37.82
      2 379
      2 3809
      2 381
      2 3814
      2 3817
      2 382
      2 3825
      2 3828
      2 3832
      2 3836
      2 385
      2 386
      2 389
      2 3890
      2 390
      2 39.25
      2 3928
      2 39.42
      2 39.54
      2 39.55
      2 397
      2 400
      2 4013
      2 40.2
      2 403
      2 40.3
      2 4045
      2 405
      2 408
      2 409
      2 40.9
      2 4094
      2 413
      2 4146
      2 415
      2 420
      2 421
      2 42.178
      2 42.23
      2 4234
      2 427
      2 42.7
      2 429
      2 430
      2 432
      2 43.32
      2 434
      2 436
      2 4388
      2 439
      2 4401
      2 4408
      2 441
      2 4417
      2 4420
      2 4427
      2 443
      2 444
      2 4441
      2 4444
      2 4457
      2 447
      2 4478
      2 448
      2 4482
      2 449
      2 4502
      2 4503
      2 4507
      2 4508
      2 451
      2 45.10
      2 4511
      2 4530
      2 4536
      2 4538
      2 4539
      2 454
      2 4546
      2 4548
      2 4554
      2 45.6
      2 4568
      2 4572
      2 45.8
      2 459
      2 45.9
      2 46.12
      2 46.14
      2 46.28
      2 46.31
      2 46.4
      2 46.42
      2 46.48
      2 465
      2 468
      2 470
      2 471
      2 47.1137
      2 47.1140
      2 47.1141
      2 47.1159
      2 47.12
      2 472
      2 47.23
      2 47.47
      2 47.59
      2 47.6
      2 47.7
      2 478
      2 47.8
      2 480
      2 4806
      2 4807
      2 481
      2 48.1
      2 48.1164
      2 48.1165
      2 482
      2 4832
      2 484
      2 48.53
      2 48.7
      2 488
      2 489
      2 48.9
      2 49.110
      2 493
      2 49.4
      2 49.41
      2 495
      2 496
      2 49.7
      2 49.8
      2 49.9
      2 500
      2 5000
      2 5002
      2 5003
      2 5006
      2 5012
      2 5015
      2 5016
      2 5017
      2 50.188
      2 5019
      2 502
      2 5020
      2 50.29
      2 503
      2 504
      2 5040
      2 50.41
      2 505
      2 50.5
      2 5050
      2 5051
      2 506
      2 5065
      2 5067
      2 5075
      2 5076
      2 5078
      2 5080
      2 509
      2 5090
      2 5091
      2 5092
      2 5094
      2 5097
      2 5098
      2 5100
      2 5101
      2 5102
      2 5103
      2 511
      2 51.11
      2 5112
      2 5113
      2 5115
      2 5116
      2 5117
      2 5118
      2 51.18
      2 5119
      2 51.19
      2 51.2
      2 5121
      2 5122
      2 5123
      2 5128
      2 5129
      2 5132
      2 51.34
      2 51.4
      2 515
      2 51.5
      2 5152
      2 5157
      2 516
      2 5164
      2 5177
      2 518
      2 519
      2 520
      2 5.2002
      2 520.1987
      2 521
      2 52.14
      2 52.15
      2 522
      2 52.31
      2 525
      2 526
      2 529
      2 531
      2 53.13
      2 532
      2 53.21
      2 53.28.1
      2 5337
      2 536
      2 54.10
      2 54.1410
      2 54.1412
      2 543
      2 54.54
      2 548
      2 551
      2 55.12
      2 55.19
      2 55.20
      2 55 2 1 1
      2 55 2 1 2
      2 55 2 1 3
      2 55 2 1 5
      2 55 2 1 7
      2 55.24
      2 55.26
      2 55.27
      2 55.33
      2 55.35
      2 559
      2 56.14
      2 56.183
      2 56.23
      2 56.50
      2 571
      2 57.10
      2 57.2
      2 57.45
      2 57.49
      2 57.62
      2 57.68
      2 5773
      2 5808
      2 58.24
      2 58.25
      2 58.28
      2 588
      2 5893
      2 59
      2 5906
      2 5907
      2 591
      2 59.12
      2 59.21
      2 59.23
      2 59.28
      2 594
      2 59.9
      2 60
      2 6006
      2 60.1
      2 60.154
      2 60.155
      2 60.17
      2 60.30
      2 60.32
      2 60.33
      2 60.6
      2 6085
      2 6104
      2 61.198
      2 61.199
      2 61.262
      2 61.36.4
      2 61.40
      2 61.42.2
      2 61.50
      2 61.62
      2 6.2002
      2 62.24
      2 62.258
      2 62.45
      2 628
      2 631
      2 63.36
      2 634
      2 636
      2 637
      2 63.73
      2 638
      2 639
      2 6410
      2 6413
      2 6414
      2 6415
      2 64.2
      2 64.305
      2 646
      2 651
      2 65.18
      2 653
      2 65.49
      2 6556
      2 656
      2 658
      2 661
      2 66.37.2
      2 66.46
      2 66.47
      2 66.5
      2 66.66
      2 667
      2 66.7
      2 668
      2 67.31.1
      2 67.31.2
      2 6784
      2 6787
      2 6788
      2 6789
      2 6790
      2 6797
      2 68.18
      2 682
      2 68.2
      2 68.22
      2 684
      2 691
      2 69.24
      2 69.48
      2 69.49
      2 695
      2 697
      2 69.76
      2 70
      2 7057
      2 71
      2 71.1
      2 71.13
      2 71.23
      2 71.26
      2 7134
      2 71.44
      2 71.45
      2 71.46
      2 71.50
      2 716
      2 71.69
      2 71.78
      2 71.PA.25
      2 71.PA.26
      2 721
      2 72.1991
      2 729
      2 72.PA.14
      2 73.1
      2 73.2
      2 74.1
      2 74.11
      2 74.15
      2 74.2
      2 74.29
      2 744
      2 74.47
      2 751
      2 758
      2 75.8
      2 761
      2 76.2
      2 763
      2 764
      2 77 (1962.1)
      2 774
      2 775
      2 776
      2 780
      2 78.1.1
      2 78.26
      2 78.7
      2 790
      2 79.1972
      2 792
      2 7925
      2 7931
      2 79.PB.177
      2 8001
      2 8003
      2 8004
      2 8009
      2 8010
      2 8011
      2 8012
      2 8013
      2 8016
      2 80.2
      2 8027
      2 8028
      2 8031
      2 8040
      2 8041
      2 8042
      2 8043
      2 8044
      2 8047
      2 8048
      2 8049
      2 8053
      2 8055
      2 8059
      2 8060
      2 8061
      2 8069
      2 8070
      2 8071
      2 81
      2 813
      2 8168
      2 82.23
      2 825
      2 831
      2 8316
      2 833
      2 845
      2 846
      2 8479
      2 8480
      2 85.2
      2 8528
      2 85.7
      2 8573
      2 859
      2 8590
      2 8591
      2 8592
      2 8593
      2 8594
      2 8595
      2 8596
      2 8597
      2 8600
      2 8601
      2 8603
      2 8604
      2 8605
      2 8606
      2 8607
      2 8611
      2 8613
      2 86.13
      2 8615
      2 8622
      2 863
      2 8652
      2 8671
      2 8672
      2 8697
      2 8698
      2 8701
      2 872
      2 8724
      2 8738
      2 87.4
      2 878
      2 879
      2 8808
      2 881
      2 88.16
      2 8825
      2 883
      2 884
      2 885
      2 887
      2 892
      2 894
      2 8978
      2 9037
      2 9046
      2 9048
      2 9050
      2 9053
      2 9054
      2 9058
      2 9059
      2 9060
      2 9061
      2 9066
      2 9067
      2 9068
      2 9069
      2 9077
      2 9078
      2 9091
      2 91.18
      2 9133
      2 9178
      2 919
      2 921
      2 92.16
      2 924
      2 9284
      2 930
      2 932
      2 93.20
      2 9352
      2 938
      2 9417
      2 945
      2 9459
      2 956
      2 958
      2 96
      2 96.21
      2 96.25
      2 967
      2 971
      2 97.6
      2 9826
      2 A-1999-83
      2 A 495
      2 A546
      2 AD00372
      2 A I 319
      2 A I 406
      2 A I 617
      2 A I 633
      2 A I 74
      2 A I 753
      2 A II 1002
      2 A II 1065
      2 A II 1522
      2 A II 840
      2 A II 884
      2 A II 887
      2 A IV 3467
      2 B 113
      2 Cat. 1
      2 Cat. 100
      2 Cat. 101
      2 Cat. 102
      2 Cat. 103
      2 Cat. 104
      2 Cat. 105
      2 Cat. 106
      2 Cat. 107
      2 Cat. 108
      2 Cat. 109
      2 Cat. 110
      2 Cat. 111
      2 Cat. 112
      2 Cat. 114
      2 Cat. 116
      2 Cat. 117
      2 Cat. 1171
      2 Cat. 118
      2 Cat. 119
      2 Cat. 120
      2 Cat. 121
      2 Cat. 123
      2 Cat. 124
      2 Cat. 125
      2 Cat. 126
      2 Cat. 127
      2 Cat. 128
      2 Cat. 134
      2 Cat. 135
      2 Cat. 138
      2 Cat. 145
      2 Cat. 161
      2 Cat. 162
      2 Cat. 165
      2 Cat. 17
      2 Cat. 18
      2 Cat. 180
      2 Cat. 182
      2 Cat. 183
      2 Cat. 184
      2 Cat. 186
      2 Cat. 188
      2 Cat. 189
      2 Cat. 19
      2 Cat. 190
      2 Cat. 191
      2 Cat. 192
      2 Cat. 193
      2 Cat. 196
      2 Cat. 197
      2 Cat. 198
      2 Cat. 199
      2 Cat. 2
      2 Cat. 20
      2 Cat. 200
      2 Cat. 204
      2 Cat. 205
      2 Cat. 206
      2 Cat. 208
      2 Cat. 209
      2 Cat. 21
      2 Cat. 210
      2 Cat. 211
      2 Cat. 212
      2 Cat. 214
      2 Cat. 215
      2 Cat. 216
      2 Cat. 217
      2 Cat. 221
      2 Cat. 222
      2 Cat. 224
      2 Cat. 225
      2 Cat. 226
      2 Cat. 228
      2 Cat. 229
      2 Cat. 23
      2 Cat. 231
      2 Cat. 232
      2 Cat. 233
      2 Cat. 234
      2 Cat. 24
      2 Cat. 242
      2 Cat. 245
      2 Cat. 25
      2 Cat. 26
      2 Cat. 261
      2 Cat. 27
      2 Cat. 272
      2 Cat. 28
      2 Cat. 30
      2 Cat. 31
      2 Cat. 32
      2 Cat. 33
      2 Cat. 34
      2 Cat. 35
      2 Cat. 36
      2 Cat. 37
      2 Cat. 38
      2 Cat. 40
      2 Cat. 41
      2 Cat. 42
      2 Cat. 45
      2 Cat. 46
      2 Cat. 47
      2 Cat. 48
      2 Cat. 49
      2 Cat. 50
      2 Cat. 54
      2 Cat. 557
      2 Cat. 563
      2 Cat. 57
      2 Cat. 58
      2 Cat. 580
      2 Cat. 581
      2 Cat. 589
      2 Cat. 594
      2 Cat. 596
      2 Cat. 604
      2 Cat. 61
      2 Cat. 62
      2 Cat. 625
      2 Cat. 64
      2 Cat. 643
      2 Cat. 649
      2 Cat. 65
      2 Cat. 654
      2 Cat. 662
      2 Cat. 666
      2 Cat. 668
      2 Cat. 677
      2 Cat. 680
      2 Cat. 690
      2 Cat. 691
      2 Cat. 70
      2 Cat. 71
      2 Cat. 718
      2 Cat. 72
      2 Cat. 726
      2 Cat. 73
      2 Cat. 739
      2 Cat. 74
      2 Cat. 740
      2 Cat. 741
      2 Cat. 743
      2 Cat. 745
      2 Cat. 748
      2 Cat. 749
      2 Cat. 75
      2 Cat. 751
      2 Cat. 752
      2 Cat. 754
      2 Cat. 756
      2 Cat. 757
      2 Cat. 758
      2 Cat. 759
      2 Cat. 76
      2 Cat. 760
      2 Cat. 761
      2 Cat. 763
      2 Cat. 764
      2 Cat. 765
      2 Cat. 766
      2 Cat. 767
      2 Cat. 768
      2 Cat. 769
      2 Cat. 77
      2 Cat. 770
      2 Cat. 771
      2 Cat. 772
      2 Cat. 773
      2 Cat. 774
      2 Cat. 775
      2 Cat. 776
      2 Cat. 777
      2 Cat. 78
      2 Cat. 780
      2 Cat. 784
      2 Cat. 789
      2 Cat. 790
      2 Cat. 791
      2 Cat. 795
      2 Cat. 796
      2 Cat. 798
      2 Cat. 80
      2 Cat. 801
      2 Cat. 802
      2 Cat. 81
      2 Cat. 82
      2 Cat. 83
      2 Cat. 856
      2 Cat. 857
      2 Cat. 86
      2 Cat. 862
      2 Cat. 87
      2 Cat. 872
      2 Cat. 876
      2 Cat. 88
      2 Cat. 880
      2 Cat. 881
      2 Cat. 889
      2 Cat. 893
      2 Cat. 90
      2 Cat. 903
      2 Cat. 907
      2 Cat. 92
      2 Cat. 93
      2 Cat. 94
      2 Cat. 95
      2 Cat. 96
      2 Cat. 97
      2 Cat. 99
      2 Cl. 10831
      2 Cl. 10832
      2 Cl. 10833
      2 Cl. 10834
      2 Cl. 10836
      2 DEP646
      2 F.1965.2.P
      2 GK 251
      2 Inv. 1321
      2 INV 1453
      2 INV 1454
      2 INV 181
      2 INV 250
      2 INV 2567
      2 INV 418
      2 INV 53 a
      2 INV 53 b
      2 INV 53 e
      2 INV 592
      2 INV 594
      2 INV 659
      2 INV 7673
      2 KMS4281
      2 KMS8007
      2 KS 171
      2 LP 4667
      2 LUX 100
      2 LUX 155
      2 LUX 626
      2 LUX 905
      2 LUX 980
      2 Ma 3449
      2 Ma 756
      2 MAMLL - 1222
      2 MI 1121
      2 MI 485
      2 MNE 956
      2 M.Ob.10
      2 M.Ob.595
      2 MP 292
      2 MR 1743
      2 MR 379
      2 NG 100
      2 NG1078
      2 NM 382
      2 O 3221
      2 OA 1988
      2 OA 1989
      2 OA 1990
      2 OA 1991
      2 OA 1992
      2 OA 1993
      2 OA 1994
      2 OA 1995
      2 OA 1996
      2 OA 1997
      2 OA 1998
      2 OA 1999
      2 OA 2000
      2 OA 2001
      2 OA 2002
      2 OA 2003
      2 OA 2004
      2 PE 432
      2 RA 885
      2 RA 887
      2 RESERVE FOL-VE-53 (G)
      2 RF 1164
      2 RF 1227
      2 RF 1311
      2 RF 1312
      2 RF 1317
      2 RF 1319
      2 RF 1338
      2 RF 1345
      2 RF 143
      2 RF 1488
      2 RF 163
      2 RF 1679
      2 RF 1766
      2 RF 1901
      2 RF 1933
      2 RF 1954 14
      2 RF 1974-30
      2 RF 2000 89 1
      2 RF 2000 89 3
      2 RF 2001
      2 RF 2003
      2 RF 215
      2 RF 2228
      2 RF 2282
      2 RF 2557
      2 RF 2612
      2 RF 2748
      2 RF 2749
      2 RF 275
      2 RF 2760
      2 RF 353
      2 RF 3692
      2 RF 3717
      2 RF 73
      2 RF 85
      2 RF 870
      2 RF 938
      2 RF 955
      2 S 372
      2 S 464
      2 S 50
      2 SB 6408
      2 SK-A-877
      2 SPC61.1990
      2 Śr.25
      2 Śr.254
      2 Śr.266
      2 Śr.297/4
      2 Śr.96
      2 TS 2° p. n. 4
      2 VMM GL-3569
      2 (WlAbNL)003381774
      3 1001
      3 1002
      3 1003
      3 1005
      3 1006
      3 101
      3 1013
      3 1014
      3 1015
      3 1016
      3 1017
      3 1018
      3 102
      3 1020
      3 1021
      3 1024
      3 1025
      3 1026
      3 1028
      3 1029
      3 1035
      3 1037
      3 1039
      3 1041
      3 1043
      3 1045
      3 105
      3 1055
      3 1060
      3 1063
      3 1066
      3 1067
      3 1074
      3 1080
      3 1081
      3 1082
      3 1084
      3 1085
      3 1086
      3 1089
      3 1090
      3 1093
      3 1094
      3 1095
      3 1096
      3 1097
      3 1098
      3 1100
      3 1101
      3 1102
      3 1105
      3 1106
      3 111
      3 1110
      3 1112
      3 1117
      3 1118
      3 112
      3 1122
      3 1123
      3 1129
      3 1130
      3 1131
      3 1132
      3 1133
      3 1135
      3 1136
      3 1137
      3 1138
      3 1139
      3 114
      3 1141
      3 1142
      3 1144
      3 1145
      3 1146
      3 1147
      3 1148
      3 1150
      3 1152
      3 1155
      3 1158
      3 1159
      3 116
      3 1166
      3 1170
      3 1179
      3 1180
      3 119
      3 1192
      3 1203
      3 1204
      3 1224
      3 1226
      3 1228
      3 1238
      3 1246
      3 1250
      3 1254
      3 1255
      3 1256
      3 1257
      3 1259
      3 126
      3 1260
      3 127
      3 128
      3 1281
      3 129
      3 1302
      3 1312
      3 1317
      3 1335
      3 135
      3 1353
      3 1358
      3 1359
      3 1366
      3 1367
      3 1372
      3 1378
      3 138
      3 1380
      3 1383
      3 1391
      3 140
      3 1401
      3 1407
      3 1430
      3 144
      3 1449
      3 145
      3 1452
      3 1453
      3 1454
      3 1461
      3 1466
      3 1468
      3 1481
      3 1483
      3 1487
      3 1490
      3 1493
      3 1494
      3 1499
      3 1500
      3 1503
      3 1507
      3 1511
      3 1512
      3 1515
      3 1516
      3 1522
      3 1523
      3 1525
      3 1526
      3 1528
      3 153
      3 1530
      3 1532
      3 1533
      3 1534
      3 1537
      3 1539
      3 154
      3 1540
      3 1541
      3 1544
      3 1545
      3 1548
      3 1550
      3 1553
      3 1556
      3 1560
      3 1562
      3 1563
      3 1564
      3 1565
      3 1566
      3 1567
      3 1571
      3 1574
      3 1575
      3 1578
      3 1579
      3 1580
      3 1581
      3 1582
      3 1584
      3 1585
      3 1587
      3 1590
      3 1597
      3 1598
      3 1599
      3 1600
      3 1601
      3 1602
      3 1603
      3 1604
      3 1605
      3 1614
      3 1615
      3 1618
      3 1619
      3 162
      3 1620
      3 1623
      3 1624
      3 1625
      3 1629
      3 163
      3 1634
      3 1635
      3 1636
      3 1644
      3 1645
      3 1646
      3 1652
      3 1653
      3 1654
      3 1659
      3 1660
      3 1661
      3 1662
      3 1663
      3 1664
      3 1665
      3 1666
      3 1667
      3 1668
      3 1669
      3 1670
      3 1672
      3 1675
      3 1676
      3 168
      3 1684
      3 1686
      3 169
      3 1694
      3 1695
      3 1696
      3 1697
      3 1698
      3 1699
      3 170
      3 1701
      3 174
      3 177
      3 179
      3 1796
      3 180
      3 182
      3 1821
      3 183
      3 185
      3 186
      3 1871
      3 188
      3 189
      3 19
      3 191
      3 1921
      3 1932
      3 1934
      3 1935
      3 1938
      3 1939
      3 194
      3 1941.1
      3 1942.1.1
      3 1943.3
      3 1945.6
      3 1949.27
      3 1949.6
      3 1950.10
      3 1952.1
      3 1952.9
      3 1955.8.1
      3 1955.9.1
      3 1956.3.1
      3 1957
      3 1958.11
      3 1958.2
      3 1959.12
      3 196
      3 1960.3
      3 1961.8.1
      3 1962.7
      3 1964.13
      3 1967.8.1
      3 1967.8.2
      3 1974.3
      3 1975.25
      3 1976.22
      3 1977.10
      3 1977.12
      3 1977.6
      3 1977.7
      3 1978.416
      3 1979.80.1
      3 198
      3 1980.1
      3 1980.3
      3 1980.5.1
      3 1981.15
      3 1981.31
      3 1981.32
      3 1981.78
      3 1983.12
      3 1983.28
      3 1984.2
      3 1984.45
      3 1986.8
      3 1986.9
      3 1987.4
      3 199
      3 1990.55
      3 1991.107
      3 1992.91
      3 1993.36
      3 1993.37
      3 1995.2
      3 1995.49
      3 1997.138
      3 1998.39
      3 200
      3 2000.10
      3 2000.27
      3 2000.47
      3 2000.68
      3 2002.151
      3 2003.72
      3 2004.25
      3 2004.28
      3 2004.4
      3 2005.1
      3 2005.23
      3 2006.37
      3 2007.2
      3 2007.22
      3 2007.4
      3 2007.64
      3 2007.7
      3 2007.71
      3 2008.2
      3 2009.2
      3 2012.1
      3 2012.10
      3 2012.14
      3 2012.22
      3 2012.44
      3 2013.38
      3 2014.1
      3 2015
      3 204
      3 2048
      3 2052
      3 206
      3 2060
      3 2076
      3 2103
      3 2105
      3 2106
      3 214
      3 217
      3 2173
      3 2174
      3 2177
      3 2178
      3 226
      3 228
      3 229
      3 230
      3 231
      3 24
      3 240
      3 241
      3 245
      3 246
      3 247
      3 248
      3 251
      3 2575
      3 2599
      3 263
      3 269
      3 271
      3 272
      3 2737
      3 275
      3 277
      3 2794
      3 2811
      3 29
      3 292
      3 293
      3 2943
      3 297
      3 2974
      3 299
      3 30
      3 3001
      3 3013
      3 3032
      3 306
      3 307
      3 3075
      3 3083
      3 309
      3 3121
      3 3122
      3 3166
      3 3168
      3 3169
      3 317
      3 3177
      3 321
      3 326
      3 3262
      3 328
      3 3353
      3 3354
      3 3365
      3 34
      3 344
      3 348
      3 35
      3 3515
      3 353
      3 37.375
      3 37.38
      3 37.41
      3 37.42
      3 37.43
      3 376
      3 3803
      3 3819
      3 384
      3 39
      3 391
      3 393
      3 396
      3 402
      3 406
      3 407
      3 41
      3 410
      3 42
      3 428
      3 437
      3 442
      3 445
      3 446
      3 450
      3 45.7
      3 460
      3 461
      3 46.10
      3 462
      3 463
      3 46.30
      3 464
      3 473
      3 474
      3 475
      3 479
      3 48
      3 483
      3 48.6
      3 487
      3 490
      3 49.24
      3 49.6
      3 50
      3 501
      3 5066
      3 5079
      3 512
      3 5130
      3 5161
      3 52.16
      3 528
      3 53.1
      3 533
      3 534
      3 535
      3 537
      3 538
      3 539
      3 541
      3 54.35
      3 547
      3 55
      3 550
      3 552
      3 553
      3 555
      3 557
      3 56.13
      3 56.2
      3 563
      3 566
      3 568
      3 57.37
      3 575
      3 5752
      3 577
      3 578
      3 580
      3 581
      3 582
      3 583
      3 586
      3 587
      3 589
      3 590
      3 592
      3 593
      3 595
      3 598
      3 599
      3 604
      3 61
      3 619
      3 620
      3 62.39
      3 625
      3 626
      3 627
      3 629
      3 635
      3 640
      3 641
      3 647
      3 648
      3 649
      3 65
      3 650
      3 652
      3 659
      3 660
      3 666
      3 669
      3 67
      3 670
      3 671
      3 672
      3 673
      3 675
      3 677
      3 68.1
      3 683
      3 690
      3 692
      3 693
      3 696
      3 700
      3 702
      3 711
      3 71.2
      3 713
      3 714
      3 717
      3 722
      3 726
      3 727
      3 728
      3 730
      3 731
      3 732
      3 733
      3 735
      3 736
      3 738
      3 739
      3 740
      3 741
      3 74.28
      3 74.3
      3 74.4
      3 745
      3 748
      3 75
      3 753
      3 757
      3 76
      3 760
      3 768
      3 769
      3 771
      3 772
      3 777
      3 778
      3 78
      3 781
      3 782
      3 784
      3 786
      3 788
      3 791
      3 796
      3 797
      3 80
      3 805
      3 8054
      3 807
      3 816
      3 817
      3 819
      3 821
      3 830
      3 834
      3 835
      3 836
      3 837
      3 838
      3 84
      3 840
      3 842
      3 844
      3 847
      3 850
      3 851
      3 852
      3 853
      3 856
      3 857
      3 858
      3 860
      3 861
      3 862
      3 87
      3 870
      3 871
      3 875
      3 876
      3 882
      3 886
      3 888
      3 889
      3 893
      3 895
      3 896
      3 90
      3 904
      3 905
      3 908
      3 910
      3 912
      3 922
      3 923
      3 925
      3 927
      3 933
      3 934
      3 935
      3 939
      3 942
      3 944
      3 954
      3 957
      3 961
      3 962
      3 968
      3 97
      3 972
      3 973
      3 976
      3 978
      3 982
      3 983
      3 985
      3 986
      3 989
      3 990
      3 991
      3 993
      3 997
      3 999
      3 EST RESERVE AE-15
      3 F 2945 C
      3 INV 290
      3 INV 566
      3 Śr.94
      4 1
      4 10
      4 1011
      4 1023
      4 103
      4 1030
      4 1031
      4 1032
      4 1033
      4 1034
      4 1038
      4 104
      4 1042
      4 1044
      4 1048
      4 1050
      4 1051
      4 1052
      4 1058
      4 106
      4 107
      4 1071
      4 1072
      4 1073
      4 1075
      4 1076
      4 1078
      4 1092
      4 1113
      4 1120
      4 1121
      4 1124
      4 1126
      4 1128
      4 1149
      4 1151
      4 1154
      4 1156
      4 1157
      4 1177
      4 118
      4 120
      4 122
      4 123
      4 1249
      4 125
      4 1251
      4 1253
      4 13
      4 130
      4 133
      4 134
      4 137
      4 139
      4 142
      4 143
      4 146
      4 147
      4 148
      4 1486
      4 1489
      4 149
      4 150
      4 1502
      4 151
      4 1514
      4 1519
      4 152
      4 155
      4 1557
      4 1558
      4 156
      4 1561
      4 1568
      4 1569
      4 1570
      4 158
      4 159
      4 1591
      4 16
      4 1606
      4 164
      4 1647
      4 1650
      4 1655
      4 17
      4 173
      4 175
      4 181
      4 184
      4 1941
      4 1971.2
      4 1978.1
      4 1981.13
      4 1987.32
      4 1988.6
      4 2
      4 20
      4 2007.9
      4 2008.5
      4 201
      4 2010.1
      4 2013
      4 208
      4 209
      4 21
      4 211
      4 22
      4 225
      4 234
      4 239
      4 242
      4 243
      4 250
      4 252
      4 253
      4 255
      4 256
      4 258
      4 259
      4 260
      4 267
      4 273
      4 28
      4 315
      4 316
      4 3167
      4 319
      4 320
      4 3260
      4 347
      4 36
      4 394
      4 395
      4 398
      4 399
      4 40
      4 401
      4 404
      4 425
      4 43
      4 433
      4 438
      4 440
      4 46
      4 47
      4 476
      4 486
      4 49
      4 491
      4 492
      4 497
      4 499
      4 508
      4 52
      4 523
      4 53
      4 54
      4 540
      4 542
      4 544
      4 546
      4 549
      4 554
      4 556
      4 558
      4 56
      4 560
      4 561
      4 562
      4 564
      4 565
      4 569
      4 573
      4 574
      4 576
      4 579
      4 585
      4 596
      4 597
      4 6
      4 600
      4 601
      4 602
      4 608
      4 612
      4 614
      4 615
      4 616
      4 62
      4 621
      4 622
      4 624
      4 63
      4 630
      4 633
      4 642
      4 643
      4 655
      4 66
      4 662
      4 665
      4 674
      4 676
      4 678
      4 679
      4 68
      4 680
      4 681
      4 686
      4 688
      4 689
      4 69
      4 699
      4 701
      4 704
      4 706
      4 709
      4 710
      4 712
      4 718
      4 720
      4 725
      4 73
      4 737
      4 74
      4 749
      4 750
      4 752
      4 755
      4 756
      4 762
      4 766
      4 770
      4 783
      4 789
      4 79
      4 793
      4 795
      4 798
      4 8
      4 803
      4 815
      4 82
      4 820
      4 822
      4 823
      4 824
      4 826
      4 827
      4 829
      4 832
      4 839
      4 841
      4 843
      4 849
      4 85
      4 854
      4 855
      4 864
      4 865
      4 866
      4 867
      4 868
      4 869
      4 874
      4 897
      4 898
      4 899
      4 9
      4 901
      4 902
      4 903
      4 906
      4 909
      4 91
      4 913
      4 915
      4 916
      4 917
      4 920
      4 926
      4 928
      4 929
      4 936
      4 937
      4 94
      4 940
      4 946
      4 947
      4 948
      4 949
      4 95
      4 950
      4 951
      4 952
      4 953
      4 963
      4 964
      4 966
      4 969
      4 970
      4 975
      4 980
      4 981
      4 984
      4 987
      4 988
      4 994
      4 995
      4 998
      5 1004
      5 1027
      5 1057
      5 1077
      5 108
      5 1088
      5 109
      5 1091
      5 11
      5 1109
      5 1134
      5 117
      5 14
      5 1488
      5 15
      5 160
      5 165
      5 167
      5 171
      5 205
      5 210
      5 212
      5 213
      5 23
      5 233
      5 236
      5 237
      5 262
      5 266
      5 3263
      5 33
      5 37
      5 380
      5 392
      5 45
      5 498
      5 51
      5 545
      5 572
      5 58
      5 584
      5 603
      5 606
      5 610
      5 613
      5 617
      5 618
      5 623
      5 632
      5 64
      5 644
      5 645
      5 657
      5 663
      5 664
      5 685
      5 687
      5 694
      5 698
      5 707
      5 719
      5 723
      5 724
      5 734
      5 743
      5 746
      5 747
      5 754
      5 759
      5 765
      5 77
      5 779
      5 785
      5 787
      5 794
      5 799
      5 800
      5 801
      5 802
      5 804
      5 809
      5 811
      5 812
      5 814
      5 818
      5 828
      5 83
      5 848
      5 86
      5 873
      5 890
      5 900
      5 914
      5 93
      5 943
      5 960
      5 965
      5 974
      5 977
      5 979
      5 98
      5 992
      5 996
      5 RESERVE FOL-VE-53 (E)
      6 1056
      6 12
      6 161
      6 166
      6 207
      6 232
      6 238
      6 244
      6 25
      6 254
      6 26
      6 261
      6 27
      6 276
      6 3
      6 32
      6 44
      6 5
      6 567
      6 57
      6 605
      6 607
      6 609
      6 611
      6 7
      6 703
      6 708
      6 715
      6 742
      6 806
      6 808
      6 810
      6 89
      6 918
      6 92
      6 941
      6 955
      6 "EST RESERVE HA-80 (B, 7)"
      7 235
      7 31
      7 38
      7 4
      7 705
      8 88
